000000
111111
123456
123123
654321
000000
111111
123456
123321
666666
888888
999999
112233
102030
2003
2004
2005
2006
2007
2008
2009
2010
2011
2012
2013
2014
2015
2016
2017
2018
2019
2020
2021
2022
2023
2024
2025
2026
1980
1981
1982
1983
1984
1985
1986
1987
1988
1989
1990
1991
1992
1993
1994
1995
1996
1997
1998
1999
00000000
12345678
123456789
1234567890
987654321
000000000
11111111
1111111111
222222
333333
444444
555555
6666666
777777
77777777
1234567
12345678
123456789
1234567890
0123456789
00001111
01020304
12121212
10101010
12344321
123454321
12345654321
1234567
12345678
123456789
1234567890
555555
1212
2020
3030
1010
1313
1919
102938
24681357
13572468
08520852
147258369
963852741
753951
159357
147258
258369
13579
24680
1111
2222
3333
4444
5555
6666
7777
8888
9999
0000
11111
22222
33333
44444
55555
66666
77777
88888
99999
00000
111111
222222
333333
444444
555555
666666
777777
888888
999999
000000
12345
54321
123456
654321
1234567
7654321
12345678
87654321
123456789
987654321
112233
332211
445566
665544
778899
998877
100200
200100
300400
400300
500600
600500
700800
800700
900100
password
password1
password12
password123
passw0rd
qwerty
qwerty123
admin
admin123
letmein
welcome
monkey
dragon
master
login
abc123
1qaz2wsx
passpass
test
test123
guest
root
toor
